#ifndef EXACT_H_
#define EXACT_H_

static const double tik32[1024] = {
    0.8284271247,  0.1421356237,  0.0243866176,  0.0041840821,  0.0007178750,
    0.0001231679,  0.0000211323,  0.0000036257,  0.0000006221,  0.0000001067,
    0.0000000183,  0.0000000031,  0.0000000005,  0.0000000001,  0.0000000000,
    0.0000000000,  0.0000000000,  0.0000000000,  0.0000000000,  0.0000000000,
    0.0000000000,  0.0000000000,  0.0000000000,  0.0000000000,  -0.0000000000,
    0.0000000000,  0.0000000000,  0.0000000000,  0.0000000000,  0.0000000000,
    0.0000000000,  0.0000000000,  0.1421356237,  0.7106781187,  0.1219330882,
    0.0209204105,  0.0035893750,  0.0006158394,  0.0001056613,  0.0000181286,
    0.0000031104,  0.0000005337,  0.0000000916,  0.0000000157,  0.0000000027,
    0.0000000005,  0.0000000001,  0.0000000000,  0.0000000000,  0.0000000000,
    0.0000000000,  0.0000000000,  0.0000000000,  0.0000000000,  -0.0000000000,
    0.0000000000,  0.0000000000,  -0.0000000000, 0.0000000000,  0.0000000000,
    -0.0000000000, -0.0000000000, 0.0000000000,  -0.0000000000, 0.0243866176,
    0.1219330882,  0.7072119115,  0.1213383811,  0.0208183749,  0.0035718684,
    0.0006128357,  0.0001051460,  0.0000180402,  0.0000030952,  0.0000005311,
    0.0000000911,  0.0000000156,  0.0000000027,  0.0000000005,  0.0000000001,
    0.0000000000,  0.0000000000,  0.0000000000,  0.0000000000,  0.0000000000,
    0.0000000000,  0.0000000000,  -0.0000000000, 0.0000000000,  0.0000000000,
    -0.0000000000, -0.0000000000, -0.0000000000, -0.0000000000, -0.0000000000,
    -0.0000000000, 0.0041840821,  0.0209204105,  0.1213383811,  0.7071098759,
    0.1213208745,  0.0208153713,  0.0035713531,  0.0006127473,  0.0001051308,
    0.0000180376,  0.0000030948,  0.0000005310,  0.0000000911,  0.0000000156,
    0.0000000027,  0.0000000005,  0.0000000001,  0.0000000000,  0.0000000000,
    0.0000000000,  0.0000000000,  0.0000000000,  0.0000000000,  0.0000000000,
    -0.0000000000, -0.0000000000, -0.0000000000, 0.0000000000,  0.0000000000,
    -0.0000000000, 0.0000000000,  0.0000000000,  0.0007178750,  0.0035893750,
    0.0208183749,  0.1213208745,  0.7071068723,  0.1213203592,  0.0208152829,
    0.0035713379,  0.0006127447,  0.0001051304,  0.0000180375,  0.0000030947,
    0.0000005310,  0.0000000911,  0.0000000156,  0.0000000027,  0.0000000005,
    0.0000000001,  0.0000000000,  0.0000000000,  0.0000000000,  0.0000000000,
    0.0000000000,  0.0000000000,  0.0000000000,  0.0000000000,  0.0000000000,
    -0.0000000000, 0.0000000000,  0.0000000000,  -0.0000000000, -0.0000000000,
    0.0001231679,  0.0006158394,  0.0035718684,  0.0208153713,  0.1213203592,
    0.7071067839,  0.1213203440,  0.0208152803,  0.0035713375,  0.0006127446,
    0.0001051304,  0.0000180375,  0.0000030947,  0.0000005310,  0.0000000911,
    0.0000000156,  0.0000000027,  0.0000000005,  0.0000000001,  0.0000000000,
    0.0000000000,  0.0000000000,  0.0000000000,  0.0000000000,  0.0000000000,
    0.0000000000,  -0.0000000000, 0.0000000000,  0.0000000000,  -0.0000000000,
    0.0000000000,  -0.0000000000, 0.0000211323,  0.0001056613,  0.0006128357,
    0.0035713531,  0.0208152829,  0.1213203440,  0.7071067813,  0.1213203436,
    0.0208152802,  0.0035713375,  0.0006127446,  0.0001051304,  0.0000180375,
    0.0000030947,  0.0000005310,  0.0000000911,  0.0000000156,  0.0000000027,
    0.0000000005,  0.0000000001,  0.0000000000,  0.0000000000,  0.0000000000,
    0.0000000000,  0.0000000000,  0.0000000000,  0.0000000000,  0.0000000000,
    -0.0000000000, 0.0000000000,  0.0000000000,  0.0000000000,  0.0000036257,
    0.0000181286,  0.0001051460,  0.0006127473,  0.0035713379,  0.0208152803,
    0.1213203436,  0.7071067812,  0.1213203436,  0.0208152802,  0.0035713375,
    0.0006127446,  0.0001051304,  0.0000180375,  0.0000030947,  0.0000005310,
    0.0000000911,  0.0000000156,  0.0000000027,  0.0000000005,  0.0000000001,
    0.0000000000,  0.0000000000,  0.0000000000,  0.0000000000,  0.0000000000,
    0.0000000000,  -0.0000000000, 0.0000000000,  0.0000000000,  0.0000000000,
    0.0000000000,  0.0000006221,  0.0000031104,  0.0000180402,  0.0001051308,
    0.0006127447,  0.0035713375,  0.0208152802,  0.1213203436,  0.7071067812,
    0.1213203436,  0.0208152802,  0.0035713375,  0.0006127446,  0.0001051304,
    0.0000180375,  0.0000030947,  0.0000005310,  0.0000000911,  0.0000000156,
    0.0000000027,  0.0000000005,  0.0000000001,  0.0000000000,  0.0000000000,
    0.0000000000,  0.0000000000,  0.0000000000,  0.0000000000,  0.0000000000,
    -0.0000000000, -0.0000000000, -0.0000000000, 0.0000001067,  0.0000005337,
    0.0000030952,  0.0000180376,  0.0001051304,  0.0006127446,  0.0035713375,
    0.0208152802,  0.1213203436,  0.7071067812,  0.1213203436,  0.0208152802,
    0.0035713375,  0.0006127446,  0.0001051304,  0.0000180375,  0.0000030947,
    0.0000005310,  0.0000000911,  0.0000000156,  0.0000000027,  0.0000000005,
    0.0000000001,  0.0000000000,  0.0000000000,  0.0000000000,  0.0000000000,
    0.0000000000,  0.0000000000,  0.0000000000,  0.0000000000,  0.0000000000,
    0.0000000183,  0.0000000916,  0.0000005311,  0.0000030948,  0.0000180375,
    0.0001051304,  0.0006127446,  0.0035713375,  0.0208152802,  0.1213203436,
    0.7071067812,  0.1213203436,  0.0208152802,  0.0035713375,  0.0006127446,
    0.0001051304,  0.0000180375,  0.0000030947,  0.0000005310,  0.0000000911,
    0.0000000156,  0.0000000027,  0.0000000005,  0.0000000001,  0.0000000000,
    0.0000000000,  0.0000000000,  0.0000000000,  0.0000000000,  0.0000000000,
    0.0000000000,  -0.0000000000, 0.0000000031,  0.0000000157,  0.0000000911,
    0.0000005310,  0.0000030947,  0.0000180375,  0.0001051304,  0.0006127446,
    0.0035713375,  0.0208152802,  0.1213203436,  0.7071067812,  0.1213203436,
    0.0208152802,  0.0035713375,  0.0006127446,  0.0001051304,  0.0000180375,
    0.0000030947,  0.0000005310,  0.0000000911,  0.0000000156,  0.0000000027,
    0.0000000005,  0.0000000001,  0.0000000000,  0.0000000000,  0.0000000000,
    0.0000000000,  0.0000000000,  0.0000000000,  0.0000000000,  0.0000000005,
    0.0000000027,  0.0000000156,  0.0000000911,  0.0000005310,  0.0000030947,
    0.0000180375,  0.0001051304,  0.0006127446,  0.0035713375,  0.0208152802,
    0.1213203436,  0.7071067812,  0.1213203436,  0.0208152802,  0.0035713375,
    0.0006127446,  0.0001051304,  0.0000180375,  0.0000030947,  0.0000005310,
    0.0000000911,  0.0000000156,  0.0000000027,  0.0000000005,  0.0000000001,
    0.0000000000,  0.0000000000,  0.0000000000,  0.0000000000,  0.0000000000,
    0.0000000000,  0.0000000001,  0.0000000005,  0.0000000027,  0.0000000156,
    0.0000000911,  0.0000005310,  0.0000030947,  0.0000180375,  0.0001051304,
    0.0006127446,  0.0035713375,  0.0208152802,  0.1213203436,  0.7071067812,
    0.1213203436,  0.0208152802,  0.0035713375,  0.0006127446,  0.0001051304,
    0.0000180375,  0.0000030947,  0.0000005310,  0.0000000911,  0.0000000156,
    0.0000000027,  0.0000000005,  0.0000000001,  0.0000000000,  0.0000000000,
    0.0000000000,  0.0000000000,  0.0000000000,  0.0000000000,  0.0000000001,
    0.0000000005,  0.0000000027,  0.0000000156,  0.0000000911,  0.0000005310,
    0.0000030947,  0.0000180375,  0.0001051304,  0.0006127446,  0.0035713375,
    0.0208152802,  0.1213203436,  0.7071067812,  0.1213203436,  0.0208152802,
    0.0035713375,  0.0006127446,  0.0001051304,  0.0000180375,  0.0000030947,
    0.0000005310,  0.0000000911,  0.0000000156,  0.0000000027,  0.0000000005,
    0.0000000001,  0.0000000000,  0.0000000000,  0.0000000000,  0.0000000000,
    0.0000000000,  0.0000000000,  0.0000000001,  0.0000000005,  0.0000000027,
    0.0000000156,  0.0000000911,  0.0000005310,  0.0000030947,  0.0000180375,
    0.0001051304,  0.0006127446,  0.0035713375,  0.0208152802,  0.1213203436,
    0.7071067812,  0.1213203436,  0.0208152802,  0.0035713375,  0.0006127446,
    0.0001051304,  0.0000180375,  0.0000030947,  0.0000005310,  0.0000000911,
    0.0000000156,  0.0000000027,  0.0000000005,  0.0000000001,  0.0000000000,
    0.0000000000,  0.0000000000,  0.0000000000,  0.0000000000,  0.0000000000,
    0.0000000001,  0.0000000005,  0.0000000027,  0.0000000156,  0.0000000911,
    0.0000005310,  0.0000030947,  0.0000180375,  0.0001051304,  0.0006127446,
    0.0035713375,  0.0208152802,  0.1213203436,  0.7071067812,  0.1213203436,
    0.0208152802,  0.0035713375,  0.0006127446,  0.0001051304,  0.0000180375,
    0.0000030947,  0.0000005310,  0.0000000911,  0.0000000156,  0.0000000027,
    0.0000000005,  0.0000000001,  0.0000000000,  0.0000000000,  0.0000000000,
    0.0000000000,  0.0000000000,  0.0000000000,  0.0000000001,  0.0000000005,
    0.0000000027,  0.0000000156,  0.0000000911,  0.0000005310,  0.0000030947,
    0.0000180375,  0.0001051304,  0.0006127446,  0.0035713375,  0.0208152802,
    0.1213203436,  0.7071067812,  0.1213203436,  0.0208152802,  0.0035713375,
    0.0006127446,  0.0001051304,  0.0000180375,  0.0000030947,  0.0000005310,
    0.0000000911,  0.0000000156,  0.0000000027,  0.0000000005,  0.0000000001,
    0.0000000000,  0.0000000000,  0.0000000000,  0.0000000000,  0.0000000000,
    0.0000000000,  0.0000000001,  0.0000000005,  0.0000000027,  0.0000000156,
    0.0000000911,  0.0000005310,  0.0000030947,  0.0000180375,  0.0001051304,
    0.0006127446,  0.0035713375,  0.0208152802,  0.1213203436,  0.7071067812,
    0.1213203436,  0.0208152802,  0.0035713375,  0.0006127446,  0.0001051304,
    0.0000180375,  0.0000030947,  0.0000005310,  0.0000000911,  0.0000000156,
    0.0000000027,  0.0000000005,  0.0000000001,  0.0000000000,  0.0000000000,
    0.0000000000,  0.0000000000,  0.0000000000,  0.0000000000,  0.0000000001,
    0.0000000005,  0.0000000027,  0.0000000156,  0.0000000911,  0.0000005310,
    0.0000030947,  0.0000180375,  0.0001051304,  0.0006127446,  0.0035713375,
    0.0208152802,  0.1213203436,  0.7071067812,  0.1213203436,  0.0208152802,
    0.0035713375,  0.0006127446,  0.0001051304,  0.0000180375,  0.0000030947,
    0.0000005310,  0.0000000911,  0.0000000156,  0.0000000027,  0.0000000005,
    0.0000000000,  0.0000000000,  0.0000000000,  0.0000000000,  0.0000000000,
    0.0000000000,  0.0000000000,  0.0000000001,  0.0000000005,  0.0000000027,
    0.0000000156,  0.0000000911,  0.0000005310,  0.0000030947,  0.0000180375,
    0.0001051304,  0.0006127446,  0.0035713375,  0.0208152802,  0.1213203436,
    0.7071067812,  0.1213203436,  0.0208152802,  0.0035713375,  0.0006127446,
    0.0001051304,  0.0000180375,  0.0000030947,  0.0000005310,  0.0000000911,
    0.0000000157,  0.0000000031,  0.0000000000,  0.0000000000,  0.0000000000,
    0.0000000000,  0.0000000000,  0.0000000000,  0.0000000000,  0.0000000000,
    0.0000000001,  0.0000000005,  0.0000000027,  0.0000000156,  0.0000000911,
    0.0000005310,  0.0000030947,  0.0000180375,  0.0001051304,  0.0006127446,
    0.0035713375,  0.0208152802,  0.1213203436,  0.7071067812,  0.1213203436,
    0.0208152802,  0.0035713375,  0.0006127446,  0.0001051304,  0.0000180375,
    0.0000030948,  0.0000005311,  0.0000000916,  0.0000000183,  0.0000000000,
    -0.0000000000, 0.0000000000,  0.0000000000,  0.0000000000,  0.0000000000,
    0.0000000000,  0.0000000000,  0.0000000000,  0.0000000001,  0.0000000005,
    0.0000000027,  0.0000000156,  0.0000000911,  0.0000005310,  0.0000030947,
    0.0000180375,  0.0001051304,  0.0006127446,  0.0035713375,  0.0208152802,
    0.1213203436,  0.7071067812,  0.1213203436,  0.0208152802,  0.0035713375,
    0.0006127446,  0.0001051304,  0.0000180376,  0.0000030952,  0.0000005337,
    0.0000001067,  0.0000000000,  0.0000000000,  -0.0000000000, 0.0000000000,
    0.0000000000,  0.0000000000,  0.0000000000,  0.0000000000,  0.0000000000,
    0.0000000000,  0.0000000001,  0.0000000005,  0.0000000027,  0.0000000156,
    0.0000000911,  0.0000005310,  0.0000030947,  0.0000180375,  0.0001051304,
    0.0006127446,  0.0035713375,  0.0208152802,  0.1213203436,  0.7071067812,
    0.1213203436,  0.0208152802,  0.0035713375,  0.0006127447,  0.0001051308,
    0.0000180402,  0.0000031104,  0.0000006221,  -0.0000000000, 0.0000000000,
    0.0000000000,  -0.0000000000, 0.0000000000,  0.0000000000,  0.0000000000,
    0.0000000000,  0.0000000000,  0.0000000000,  0.0000000000,  0.0000000001,
    0.0000000005,  0.0000000027,  0.0000000156,  0.0000000911,  0.0000005310,
    0.0000030947,  0.0000180375,  0.0001051304,  0.0006127446,  0.0035713375,
    0.0208152802,  0.1213203436,  0.7071067812,  0.1213203436,  0.0208152803,
    0.0035713379,  0.0006127473,  0.0001051460,  0.0000181286,  0.0000036257,
    -0.0000000000, -0.0000000000, 0.0000000000,  -0.0000000000, 0.0000000000,
    0.0000000000,  0.0000000000,  0.0000000000,  0.0000000000,  0.0000000000,
    0.0000000000,  0.0000000000,  0.0000000001,  0.0000000005,  0.0000000027,
    0.0000000156,  0.0000000911,  0.0000005310,  0.0000030947,  0.0000180375,
    0.0001051304,  0.0006127446,  0.0035713375,  0.0208152802,  0.1213203436,
    0.7071067813,  0.1213203440,  0.0208152829,  0.0035713531,  0.0006128357,
    0.0001056613,  0.0000211323,  0.0000000000,  0.0000000000,  -0.0000000000,
    -0.0000000000, 0.0000000000,  -0.0000000000, 0.0000000000,  0.0000000000,
    0.0000000000,  0.0000000000,  0.0000000000,  0.0000000000,  0.0000000000,
    0.0000000001,  0.0000000005,  0.0000000027,  0.0000000156,  0.0000000911,
    0.0000005310,  0.0000030947,  0.0000180375,  0.0001051304,  0.0006127446,
    0.0035713375,  0.0208152803,  0.1213203440,  0.7071067839,  0.1213203592,
    0.0208153713,  0.0035718684,  0.0006158394,  0.0001231679,  0.0000000000,
    0.0000000000,  -0.0000000000, 0.0000000000,  -0.0000000000, 0.0000000000,
    0.0000000000,  -0.0000000000, 0.0000000000,  0.0000000000,  0.0000000000,
    0.0000000000,  0.0000000000,  0.0000000000,  0.0000000001,  0.0000000005,
    0.0000000027,  0.0000000156,  0.0000000911,  0.0000005310,  0.0000030947,
    0.0000180375,  0.0001051304,  0.0006127447,  0.0035713379,  0.0208152829,
    0.1213203592,  0.7071068723,  0.1213208745,  0.0208183749,  0.0035893750,
    0.0007178750,  0.0000000000,  -0.0000000000, -0.0000000000, 0.0000000000,
    0.0000000000,  0.0000000000,  -0.0000000000, 0.0000000000,  0.0000000000,
    0.0000000000,  0.0000000000,  0.0000000000,  0.0000000000,  0.0000000000,
    0.0000000000,  0.0000000001,  0.0000000005,  0.0000000027,  0.0000000156,
    0.0000000911,  0.0000005310,  0.0000030948,  0.0000180376,  0.0001051308,
    0.0006127473,  0.0035713531,  0.0208153713,  0.1213208745,  0.7071098759,
    0.1213383811,  0.0209204105,  0.0041840821,  0.0000000000,  -0.0000000000,
    -0.0000000000, -0.0000000000, 0.0000000000,  -0.0000000000, 0.0000000000,
    0.0000000000,  -0.0000000000, 0.0000000000,  0.0000000000,  0.0000000000,
    0.0000000000,  0.0000000000,  0.0000000000,  0.0000000000,  0.0000000001,
    0.0000000005,  0.0000000027,  0.0000000156,  0.0000000911,  0.0000005311,
    0.0000030952,  0.0000180402,  0.0001051460,  0.0006128357,  0.0035718684,
    0.0208183749,  0.1213383811,  0.7072119115,  0.1219330882,  0.0243866176,
    0.0000000000,  0.0000000000,  -0.0000000000, 0.0000000000,  -0.0000000000,
    0.0000000000,  0.0000000000,  0.0000000000,  -0.0000000000, 0.0000000000,
    0.0000000000,  0.0000000000,  0.0000000000,  0.0000000000,  0.0000000000,
    0.0000000000,  0.0000000000,  0.0000000001,  0.0000000005,  0.0000000027,
    0.0000000157,  0.0000000916,  0.0000005337,  0.0000031104,  0.0000181286,
    0.0001056613,  0.0006158394,  0.0035893750,  0.0209204105,  0.1219330882,
    0.7106781187,  0.1421356237,  0.0000000000,  0.0000000000,  -0.0000000000,
    0.0000000000,  -0.0000000000, -0.0000000000, 0.0000000000,  0.0000000000,
    -0.0000000000, 0.0000000000,  -0.0000000000, 0.0000000000,  0.0000000000,
    0.0000000000,  0.0000000000,  0.0000000000,  0.0000000000,  0.0000000000,
    0.0000000001,  0.0000000005,  0.0000000031,  0.0000000183,  0.0000001067,
    0.0000006221,  0.0000036257,  0.0000211323,  0.0001231679,  0.0007178750,
    0.0041840821,  0.0243866176,  0.1421356237,  0.8284271247};

static const double lp32[1024] = {
    0.4482247252,  0.3724930125,  0.2441750606,  0.1011567733,  -0.0174347145,
    -0.0845684365, -0.0934358758, -0.0575521538, -0.0033133610, 0.0415439579,
    0.0587142435,  0.0451069246,  0.0117763071,  -0.0228878105, -0.0422778502,
    -0.0388637326, -0.0166597274, 0.0117883787,  0.0320658079,  0.0348677017,
    0.0200513014,  -0.0039254351, -0.0246258518, -0.0318991153, -0.0227203114,
    -0.0023555195, 0.0185558515,  0.0294410595,  0.0250346469,  0.0078707187,
    -0.0131302518, -0.0272163236, 0.3724930125,  0.3199067733,  0.2294747252,
    0.1255835728,  0.0340230513,  -0.0263021538, -0.0486847145, -0.0391970830,
    -0.0126948349, 0.0138569246,  0.0279366390,  0.0253836261,  0.0104428070,
    -0.0076137326, -0.0194736929, -0.0200738450, -0.0104156265, 0.0036177017,
    0.0145902726,  0.0172494075,  0.0108909652,  -0.0006491153, -0.0111986986,
    -0.0154470479, -0.0115343234, -0.0018089405, 0.0085296886,  0.0141494388,
    0.0122771313,  0.0040336764,  -0.0062153531, -0.0131302518, 0.2441750606,
    0.2294747252,  0.2013152855,  0.1623410032,  0.1167161335,  0.0699067733,
    0.0279366390,  -0.0038273956, -0.0220267974, -0.0263021538, -0.0194736929,
    -0.0067274786, 0.0059935863,  0.0138569246,  0.0145902726,  0.0089744132,
    0.0002035842,  -0.0076137326, -0.0111986986, -0.0093864639, -0.0034510092,
    0.0036177017,  0.0085296886,  0.0091660933,  0.0054643230,  -0.0006491153,
    -0.0062153531, -0.0086342396, -0.0068515317, -0.0018089405, 0.0040336764,
    0.0078707187,  0.1011567733,  0.1255835728,  0.1623410032,  0.1924478462,
    0.1982247252,  0.1709549263,  0.1147640922,  0.0451069246,  -0.0174347145,
    -0.0553574149, -0.0609662714, -0.0388637326, -0.0033133610, 0.0281975916,
    0.0423050307,  0.0348677017,  0.0117763071,  -0.0146128162, -0.0315904691,
    -0.0318991153, -0.0166597274, 0.0057277947,  0.0239824937,  0.0294410595,
    0.0200513014,  0.0010579104,  -0.0178130435, -0.0272163236, -0.0227203114,
    -0.0068515317, 0.0122771313,  0.0250346469,  -0.0174347145, 0.0340230513,
    0.1167161335,  0.1982247252,  0.2466866390,  0.2430820441,  0.1881252119,
    0.1011567733,  0.0117763071,  -0.0520988321, -0.0747474547, -0.0575521538,
    -0.0166597274, 0.0251347451,  0.0484750207,  0.0451069246,  0.0200513014,
    -0.0122004294, -0.0353132329, -0.0388637326, -0.0227203114, 0.0037050646,
    0.0266391656,  0.0348677017,  0.0250346469,  0.0028873732,  -0.0199430601,
    -0.0318991153, -0.0272163236, -0.0086342396, 0.0141494388,  0.0294410595,
    -0.0845684365, -0.0263021538, 0.0699067733,  0.1709549263,  0.2430820441,
    0.2638569246,  0.2294747252,  0.1547945944,  0.0664926557,  -0.0076137326,
    -0.0486847145, -0.0525434494, -0.0291040477, 0.0036177017,  0.0279366390,
    0.0336586203,  0.0211301881,  -0.0006491153, -0.0194736929, -0.0261344290,
    -0.0184989407, -0.0018089405, 0.0145902726,  0.0222327530,  0.0177037736,
    0.0040336764,  -0.0111986986, -0.0199430601, -0.0178130435, -0.0062153531,
    0.0085296886,  0.0185558515,  -0.0934358758, -0.0486847145, 0.0279366390,
    0.1147640922,  0.1881252119,  0.2294747252,  0.2305263071,  0.1948106076,
    0.1354045547,  0.0699067733,  0.0145902726,  -0.0202366084, -0.0322660203,
    -0.0263021538, -0.0111986986, 0.0039599025,  0.0129582036,  0.0138569246,
    0.0085296886,  0.0008910991,  -0.0052230581, -0.0076137326, -0.0062153531,
    -0.0025736556, 0.0012317825,  0.0036177017,  0.0040336764,  0.0028873732,
    0.0010579104,  -0.0006491153, -0.0018089405, -0.0023555195, -0.0575521538,
    -0.0391970830, -0.0038273956, 0.0451069246,  0.1011567733,  0.1547945944,
    0.1948106076,  0.2111362674,  0.1982247252,  0.1576085599,  0.0983548794,
    0.0348677017,  -0.0174347145, -0.0470824207, -0.0502788903, -0.0318991153,
    -0.0033133610, 0.0221370075,  0.0342217165,  0.0294410595,  0.0117763071,
    -0.0096294707, -0.0247776608, -0.0272163236, -0.0166597274, 0.0012317825,
    0.0177037736,  0.0250346469,  0.0200513014,  0.0054643230,  -0.0115343234,
    -0.0227203114, -0.0033133610, -0.0126948349, -0.0220267974, -0.0174347145,
    0.0117763071,  0.0664926557,  0.1354045547,  0.1982247252,  0.2333402726,
    0.2266728313,  0.1778859891,  0.1011567733,  0.0200513014,  -0.0414114510,
    -0.0677828374, -0.0575521538, -0.0227203114, 0.0170514309,  0.0430483785,
    0.0451069246,  0.0250346469,  -0.0053876210, -0.0306304412, -0.0388637326,
    -0.0272163236, -0.0025736556, 0.0222327530,  0.0348677017,  0.0294410595,
    0.0091660933,  -0.0154470479, -0.0318991153, 0.0415439579,  0.0138569246,
    -0.0263021538, -0.0553574149, -0.0520988321, -0.0076137326, 0.0699067733,
    0.1576085599,  0.2266728313,  0.2536177017,  0.2294747252,  0.1630695887,
    0.0771800368,  -0.0006491153, -0.0486847145, -0.0586040334, -0.0371873619,
    -0.0018089405, 0.0279366390,  0.0386419658,  0.0279429964,  0.0040336764,
    -0.0194736929, -0.0306304412, -0.0247776608, -0.0062153531, 0.0145902726,
    0.0266391656,  0.0239824937,  0.0085296886,  -0.0111986986, -0.0246258518,
    0.0587142435,  0.0279366390,  -0.0194736929, -0.0609662714, -0.0747474547,
    -0.0486847145, 0.0145902726,  0.0983548794,  0.1778859891,  0.2294747252,
    0.2388013014,  0.2054979887,  0.1423691720,  0.0699067733,  0.0085296886,
    -0.0283199226, -0.0376926625, -0.0263021538, -0.0062153531, 0.0107727108,
    0.0176409953,  0.0138569246,  0.0040336764,  -0.0053876210, -0.0096294707,
    -0.0076137326, -0.0018089405, 0.0037050646,  0.0057277947,  0.0036177017,
    -0.0006491153, -0.0039254351, 0.0451069246,  0.0253836261,  -0.0067274786,
    -0.0388637326, -0.0575521538, -0.0525434494, -0.0202366084, 0.0348677017,
    0.1011567733,  0.1630695887,  0.2054979887,  0.2181008847,  0.1982247252,
    0.1515479759,  0.0902715652,  0.0294410595,  -0.0174347145, -0.0420990752,
    -0.0434660820, -0.0272163236, -0.0033133610, 0.0176409953,  0.0279429964,
    0.0250346469,  0.0117763071,  -0.0052230581, -0.0184989407, -0.0227203114,
    -0.0166597274, -0.0034510092, 0.0108909652,  0.0200513014,  0.0117763071,
    0.0104428070,  0.0059935863,  -0.0033133610, -0.0166597274, -0.0291040477,
    -0.0322660203, -0.0174347145, 0.0200513014,  0.0771800368,  0.1423691720,
    0.1982247252,  0.2272796886,  0.2185895171,  0.1724593468,  0.1011567733,
    0.0250346469,  -0.0345986427, -0.0631000456, -0.0575521538, -0.0272163236,
    0.0107727108,  0.0386419658,  0.0451069246,  0.0294410595,  0.0008910991,
    -0.0261344290, -0.0388637326, -0.0318991153, -0.0093864639, 0.0172494075,
    0.0348677017,  -0.0228878105, -0.0076137326, 0.0138569246,  0.0281975916,
    0.0251347451,  0.0036177017,  -0.0263021538, -0.0470824207, -0.0414114510,
    -0.0006491153, 0.0699067733,  0.1515479759,  0.2185895171,  0.2481910595,
    0.2294747252,  0.1680529342,  0.0839928451,  0.0040336764,  -0.0486847145,
    -0.0631000456, -0.0434660820, -0.0062153531, 0.0279366390,  0.0430483785,
    0.0342217165,  0.0085296886,  -0.0194736929, -0.0353132329, -0.0315904691,
    -0.0111986986, 0.0145902726,  0.0320658079,  -0.0422778502, -0.0194736929,
    0.0145902726,  0.0423050307,  0.0484750207,  0.0279366390,  -0.0111986986,
    -0.0502788903, -0.0677828374, -0.0486847145, 0.0085296886,  0.0902715652,
    0.1724593468,  0.2294747252,  0.2437846469,  0.2123107970,  0.1470519637,
    0.0699067733,  0.0040336764,  -0.0345986427, -0.0420990752, -0.0263021538,
    -0.0018089405, 0.0170514309,  0.0221370075,  0.0138569246,  -0.0006491153,
    -0.0122004294, -0.0146128162, -0.0076137326, 0.0036177017,  0.0117883787,
    -0.0388637326, -0.0200738450, 0.0089744132,  0.0348677017,  0.0451069246,
    0.0336586203,  0.0039599025,  -0.0318991153, -0.0575521538, -0.0586040334,
    -0.0283199226, 0.0294410595,  0.1011567733,  0.1680529342,  0.2123107970,
    0.2227836764,  0.1982247252,  0.1470519637,  0.0839928451,  0.0250346469,
    -0.0174347145, -0.0376926625, -0.0371873619, -0.0227203114, -0.0033133610,
    0.0129582036,  0.0211301881,  0.0200513014,  0.0117763071,  0.0002035842,
    -0.0104156265, -0.0166597274, -0.0166597274, -0.0104156265, 0.0002035842,
    0.0117763071,  0.0200513014,  0.0211301881,  0.0129582036,  -0.0033133610,
    -0.0227203114, -0.0371873619, -0.0376926625, -0.0174347145, 0.0250346469,
    0.0839928451,  0.1470519637,  0.1982247252,  0.2227836764,  0.2123107970,
    0.1680529342,  0.1011567733,  0.0294410595,  -0.0283199226, -0.0586040334,
    -0.0575521538, -0.0318991153, 0.0039599025,  0.0336586203,  0.0451069246,
    0.0348677017,  0.0089744132,  -0.0200738450, -0.0388637326, 0.0117883787,
    0.0036177017,  -0.0076137326, -0.0146128162, -0.0122004294, -0.0006491153,
    0.0138569246,  0.0221370075,  0.0170514309,  -0.0018089405, -0.0263021538,
    -0.0420990752, -0.0345986427, 0.0040336764,  0.0699067733,  0.1470519637,
    0.2123107970,  0.2437846469,  0.2294747252,  0.1724593468,  0.0902715652,
    0.0085296886,  -0.0486847145, -0.0677828374, -0.0502788903, -0.0111986986,
    0.0279366390,  0.0484750207,  0.0423050307,  0.0145902726,  -0.0194736929,
    -0.0422778502, 0.0320658079,  0.0145902726,  -0.0111986986, -0.0315904691,
    -0.0353132329, -0.0194736929, 0.0085296886,  0.0342217165,  0.0430483785,
    0.0279366390,  -0.0062153531, -0.0434660820, -0.0631000456, -0.0486847145,
    0.0040336764,  0.0839928451,  0.1680529342,  0.2294747252,  0.2481910595,
    0.2185895171,  0.1515479759,  0.0699067733,  -0.0006491153, -0.0414114510,
    -0.0470824207, -0.0263021538, 0.0036177017,  0.0251347451,  0.0281975916,
    0.0138569246,  -0.0076137326, -0.0228878105, 0.0348677017,  0.0172494075,
    -0.0093864639, -0.0318991153, -0.0388637326, -0.0261344290, 0.0008910991,
    0.0294410595,  0.0451069246,  0.0386419658,  0.0107727108,  -0.0272163236,
    -0.0575521538, -0.0631000456, -0.0345986427, 0.0250346469,  0.1011567733,
    0.1724593468,  0.2185895171,  0.2272796886,  0.1982247252,  0.1423691720,
    0.0771800368,  0.0200513014,  -0.0174347145, -0.0322660203, -0.0291040477,
    -0.0166597274, -0.0033133610, 0.0059935863,  0.0104428070,  0.0117763071,
    0.0200513014,  0.0108909652,  -0.0034510092, -0.0166597274, -0.0227203114,
    -0.0184989407, -0.0052230581, 0.0117763071,  0.0250346469,  0.0279429964,
    0.0176409953,  -0.0033133610, -0.0272163236, -0.0434660820, -0.0420990752,
    -0.0174347145, 0.0294410595,  0.0902715652,  0.1515479759,  0.1982247252,
    0.2181008847,  0.2054979887,  0.1630695887,  0.1011567733,  0.0348677017,
    -0.0202366084, -0.0525434494, -0.0575521538, -0.0388637326, -0.0067274786,
    0.0253836261,  0.0451069246,  -0.0039254351, -0.0006491153, 0.0036177017,
    0.0057277947,  0.0037050646,  -0.0018089405, -0.0076137326, -0.0096294707,
    -0.0053876210, 0.0040336764,  0.0138569246,  0.0176409953,  0.0107727108,
    -0.0062153531, -0.0263021538, -0.0376926625, -0.0283199226, 0.0085296886,
    0.0699067733,  0.1423691720,  0.2054979887,  0.2388013014,  0.2294747252,
    0.1778859891,  0.0983548794,  0.0145902726,  -0.0486847145, -0.0747474547,
    -0.0609662714, -0.0194736929, 0.0279366390,  0.0587142435,  -0.0246258518,
    -0.0111986986, 0.0085296886,  0.0239824937,  0.0266391656,  0.0145902726,
    -0.0062153531, -0.0247776608, -0.0306304412, -0.0194736929, 0.0040336764,
    0.0279429964,  0.0386419658,  0.0279366390,  -0.0018089405, -0.0371873619,
    -0.0586040334, -0.0486847145, -0.0006491153, 0.0771800368,  0.1630695887,
    0.2294747252,  0.2536177017,  0.2266728313,  0.1576085599,  0.0699067733,
    -0.0076137326, -0.0520988321, -0.0553574149, -0.0263021538, 0.0138569246,
    0.0415439579,  -0.0318991153, -0.0154470479, 0.0091660933,  0.0294410595,
    0.0348677017,  0.0222327530,  -0.0025736556, -0.0272163236, -0.0388637326,
    -0.0306304412, -0.0053876210, 0.0250346469,  0.0451069246,  0.0430483785,
    0.0170514309,  -0.0227203114, -0.0575521538, -0.0677828374, -0.0414114510,
    0.0200513014,  0.1011567733,  0.1778859891,  0.2266728313,  0.2333402726,
    0.1982247252,  0.1354045547,  0.0664926557,  0.0117763071,  -0.0174347145,
    -0.0220267974, -0.0126948349, -0.0033133610, -0.0227203114, -0.0115343234,
    0.0054643230,  0.0200513014,  0.0250346469,  0.0177037736,  0.0012317825,
    -0.0166597274, -0.0272163236, -0.0247776608, -0.0096294707, 0.0117763071,
    0.0294410595,  0.0342217165,  0.0221370075,  -0.0033133610, -0.0318991153,
    -0.0502788903, -0.0470824207, -0.0174347145, 0.0348677017,  0.0983548794,
    0.1576085599,  0.1982247252,  0.2111362674,  0.1948106076,  0.1547945944,
    0.1011567733,  0.0451069246,  -0.0038273956, -0.0391970830, -0.0575521538,
    -0.0023555195, -0.0018089405, -0.0006491153, 0.0010579104,  0.0028873732,
    0.0040336764,  0.0036177017,  0.0012317825,  -0.0025736556, -0.0062153531,
    -0.0076137326, -0.0052230581, 0.0008910991,  0.0085296886,  0.0138569246,
    0.0129582036,  0.0039599025,  -0.0111986986, -0.0263021538, -0.0322660203,
    -0.0202366084, 0.0145902726,  0.0699067733,  0.1354045547,  0.1948106076,
    0.2305263071,  0.2294747252,  0.1881252119,  0.1147640922,  0.0279366390,
    -0.0486847145, -0.0934358758, 0.0185558515,  0.0085296886,  -0.0062153531,
    -0.0178130435, -0.0199430601, -0.0111986986, 0.0040336764,  0.0177037736,
    0.0222327530,  0.0145902726,  -0.0018089405, -0.0184989407, -0.0261344290,
    -0.0194736929, -0.0006491153, 0.0211301881,  0.0336586203,  0.0279366390,
    0.0036177017,  -0.0291040477, -0.0525434494, -0.0486847145, -0.0076137326,
    0.0664926557,  0.1547945944,  0.2294747252,  0.2638569246,  0.2430820441,
    0.1709549263,  0.0699067733,  -0.0263021538, -0.0845684365, 0.0294410595,
    0.0141494388,  -0.0086342396, -0.0272163236, -0.0318991153, -0.0199430601,
    0.0028873732,  0.0250346469,  0.0348677017,  0.0266391656,  0.0037050646,
    -0.0227203114, -0.0388637326, -0.0353132329, -0.0122004294, 0.0200513014,
    0.0451069246,  0.0484750207,  0.0251347451,  -0.0166597274, -0.0575521538,
    -0.0747474547, -0.0520988321, 0.0117763071,  0.1011567733,  0.1881252119,
    0.2430820441,  0.2466866390,  0.1982247252,  0.1167161335,  0.0340230513,
    -0.0174347145, 0.0250346469,  0.0122771313,  -0.0068515317, -0.0227203114,
    -0.0272163236, -0.0178130435, 0.0010579104,  0.0200513014,  0.0294410595,
    0.0239824937,  0.0057277947,  -0.0166597274, -0.0318991153, -0.0315904691,
    -0.0146128162, 0.0117763071,  0.0348677017,  0.0423050307,  0.0281975916,
    -0.0033133610, -0.0388637326, -0.0609662714, -0.0553574149, -0.0174347145,
    0.0451069246,  0.1147640922,  0.1709549263,  0.1982247252,  0.1924478462,
    0.1623410032,  0.1255835728,  0.1011567733,  0.0078707187,  0.0040336764,
    -0.0018089405, -0.0068515317, -0.0086342396, -0.0062153531, -0.0006491153,
    0.0054643230,  0.0091660933,  0.0085296886,  0.0036177017,  -0.0034510092,
    -0.0093864639, -0.0111986986, -0.0076137326, 0.0002035842,  0.0089744132,
    0.0145902726,  0.0138569246,  0.0059935863,  -0.0067274786, -0.0194736929,
    -0.0263021538, -0.0220267974, -0.0038273956, 0.0279366390,  0.0699067733,
    0.1167161335,  0.1623410032,  0.2013152855,  0.2294747252,  0.2441750606,
    -0.0131302518, -0.0062153531, 0.0040336764,  0.0122771313,  0.0141494388,
    0.0085296886,  -0.0018089405, -0.0115343234, -0.0154470479, -0.0111986986,
    -0.0006491153, 0.0108909652,  0.0172494075,  0.0145902726,  0.0036177017,
    -0.0104156265, -0.0200738450, -0.0194736929, -0.0076137326, 0.0104428070,
    0.0253836261,  0.0279366390,  0.0138569246,  -0.0126948349, -0.0391970830,
    -0.0486847145, -0.0263021538, 0.0340230513,  0.1255835728,  0.2294747252,
    0.3199067733,  0.3724930125,  -0.0272163236, -0.0131302518, 0.0078707187,
    0.0250346469,  0.0294410595,  0.0185558515,  -0.0023555195, -0.0227203114,
    -0.0318991153, -0.0246258518, -0.0039254351, 0.0200513014,  0.0348677017,
    0.0320658079,  0.0117883787,  -0.0166597274, -0.0388637326, -0.0422778502,
    -0.0228878105, 0.0117763071,  0.0451069246,  0.0587142435,  0.0415439579,
    -0.0033133610, -0.0575521538, -0.0934358758, -0.0845684365, -0.0174347145,
    0.1011567733,  0.2441750606,  0.3724930125,  0.4482247252};

static const double tik128[16384] = {
    0.8284271247,  0.1421356237,  0.0243866176,  0.0041840821,  0.0007178750,
    0.0001231679,  0.0000211323,  0.0000036257,  0.0000006221,  0.0000001067,
    0.0000000183,  0.0000000031,  0.0000000005,  0.0000000001,  0.0000000000,
    0.0000000000,  0.0000000000,  0.0000000000,  0.0000000000,  0.0000000000,
    0.0000000000,  0.0000000000,  0.0000000000,  0.0000000000,  0.0000000000,
    0.0000000000,  -0.0000000000, 0.0000000000,  -0.0000000000, -0.0000000000,
    -0.0000000000, 0.0000000000,  0.0000000000,  0.0000000000,  0.0000000000,
    -0.0000000000, -0.0000000000, 0.0000000000,  0.0000000000,  0.0000000000,
    0.0000000000,  -0.0000000000, 0.0000000000,  -0.0000000000, 0.0000000000,
    0.0000000000,  -0.0000000000, 0.0000000000,  -0.0000000000, 0.0000000000,
    0.0000000000,  -0.0000000000, 0.0000000000,  0.0000000000,  -0.0000000000,
    -0.0000000000, 0.0000000000,  -0.0000000000, -0.0000000000, 0.0000000000,
    0.0000000000,  0.0000000000,  -0.0000000000, -0.0000000000, 0.0000000000,
    0.0000000000,  0.0000000000,  -0.0000000000, -0.0000000000, 0.0000000000,
    -0.0000000000, 0.0000000000,  0.0000000000,  -0.0000000000, -0.0000000000,
    0.0000000000,  0.0000000000,  -0.0000000000, -0.0000000000, -0.0000000000,
    0.0000000000,  0.0000000000,  -0.0000000000, 0.0000000000,  -0.0000000000,
    0.0000000000,  0.0000000000,  -0.0000000000, -0.0000000000, 0.0000000000,
    -0.0000000000, -0.0000000000, 0.0000000000,  0.0000000000,  -0.0000000000,
    -0.0000000000, 0.0000000000,  0.0000000000,  -0.0000000000, -0.0000000000,
    -0.0000000000, -0.0000000000, -0.0000000000, -0.0000000000, 0.0000000000,
    -0.0000000000, -0.0000000000, 0.0000000000,  -0.0000000000, 0.0000000000,
    0.0000000000,  0.0000000000,  0.0000000000,  0.0000000000,  -0.0000000000,
    -0.0000000000, -0.0000000000, -0.0000000000, -0.0000000000, -0.0000000000,
    0.0000000000,  -0.0000000000, 0.0000000000,  -0.0000000000, -0.0000000000,
    -0.0000000000, 0.0000000000,  0.0000000000,  0.1421356237,  0.7106781187,
    0.1219330882,  0.0209204105,  0.0035893750,  0.0006158394,  0.0001056613,
    0.0000181286,  0.0000031104,  0.0000005337,  0.0000000916,  0.0000000157,
    0.0000000027,  0.0000000005,  0.0000000001,  0.0000000000,  0.0000000000,
    0.0000000000,  0.0000000000,  0.0000000000,  0.0000000000,  0.0000000000,
    -0.0000000000, 0.0000000000,  0.0000000000,  -0.0000000000, -0.0000000000,
    0.0000000000,  -0.0000000000, 0.0000000000,  0.0000000000,  -0.0000000000,
    -0.0000000000, 0.0000000000,  -0.0000000000, 0.0000000000,  0.0000000000,
    -0.0000000000, 0.0000000000,  0.0000000000,  0.0000000000,  0.0000000000,
    0.0000000000,  0.0000000000,  0.0000000000,  -0.0000000000, -0.0000000000,
    0.0000000000,  -0.0000000000, 0.0000000000,  0.0000000000,  0.0000000000,
    0.0000000000,  -0.0000000000, -0.0000000000, 0.0000000000,  -0.0000000000,
    0.0000000000,  0.0000000000,  -0.0000000000, -0.0000000000, -0.0000000000,
    -0.0000000000, -0.0000000000, 0.0000000000,  0.0000000000,  -0.0000000000,
    0.0000000000,  -0.0000000000, 0.0000000000,  0.0000000000,  0.0000000000,
    0.0000000000,  0.0000000000,  -0.0000000000, -0.0000000000, 0.0000000000,
    0.0000000000,  0.0000000000,  0.0000000000,  -0.0000000000, 0.0000000000,
    0.0000000000,  -0.0000000000, 0.0000000000,  -0.0000000000, 0.0000000000,
    0.0000000000,  -0.0000000000, -0.0000000000, -0.0000000000, -0.0000000000,
    -0.0000000000, 0.0000000000,  -0.0000000000, -0.0000000000, 0.0000000000,
    -0.0000000000, 0.0000000000,  0.0000000000,  0.0000000000,  0.0000000000,
    0.0000000000,  0.0000000000,  -0.0000000000, 0.0000000000,  0.0000000000,
    -0.0000000000, 0.0000000000,  0.0000000000,  0.0000000000,  -0.0000000000,
    -0.0000000000, 0.0000000000,  0.0000000000,  -0.0000000000, 0.0000000000,
    0.0000000000,  -0.0000000000, -0.0000000000, 0.0000000000,  0.0000000000,
    0.0000000000,  0.0000000000,  0.0000000000,  -0.0000000000, 0.0000000000,
    -0.0000000000, 0.0243866176,  0.1219330882,  0.7072119115,  0.1213383811,
    0.0208183749,  0.0035718684,  0.0006128357,  0.0001051460,  0.0000180402,
    0.0000030952,  0.0000005311,  0.0000000911,  0.0000000156,  0.0000000027,
    0.0000000005,  0.0000000001,  0.0000000000,  0.0000000000,  0.0000000000,
    0.0000000000,  0.0000000000,  0.0000000000,  0.0000000000,  -0.0000000000,
    -0.0000000000, 0.0000000000,  -0.0000000000, -0.0000000000, -0.0000000000,
    0.0000000000,  -0.0000000000, -0.0000000000, -0.0000000000, -0.0000000000,
    -0.0000000000, -0.0000000000, 0.0000000000,  -0.0000000000, -0.0000000000,
    -0.0000000000, -0.0000000000, 0.0000000000,  -0.0000000000, 0.0000000000,
    -0.0000000000, -0.0000000000, 0.0000000000,  -0.0000000000, -0.0000000000,
    -0.0000000000, -0.0000000000, -0.0000000000, -0.0000000000, -0.0000000000,
    0.0000000000,  -0.0000000000, -0.0000000000, 0.0000000000,  0.0000000000,
    -0.0000000000, 0.0000000000,  0.0000000000,  -0.0000000000, -0.0000000000,
    0.0000000000,  0.0000000000,  -0.0000000000, 0.0000000000,  -0.0000000000,
    0.0000000000,  -0.0000000000, 0.0000000000,  -0.0000000000, -0.0000000000,
    0.0000000000,  0.0000000000,  -0.0000000000, -0.0000000000, -0.0000000000,
    0.0000000000,  0.0000000000,  -0.0000000000, 0.0000000000,  0.0000000000,
    -0.0000000000, 0.0000000000,  -0.0000000000, 0.0000000000,  0.0000000000,
    -0.0000000000, -0.0000000000, 0.0000000000,  0.0000000000,  0.0000000000,
    0.0000000000,  0.0000000000,  0.0000000000,  -0.0000000000, 0.0000000000,
    0.0000000000,  0.0000000000,  -0.0000000000, 0.0000000000,  0.0000000000,
    -0.0000000000, 0.0000000000,  0.0000000000,  0.0000000000,  -0.0000000000,
    -0.0000000000, 0.0000000000,  0.0000000000,  0.0000000000,  -0.0000000000,
    -0.0000000000, 0.0000000000,  0.0000000000,  0.0000000000,  0.0000000000,
    0.0000000000,  0.0000000000,  0.0000000000,  0.0000000000,  -0.0000000000,
    -0.0000000000, 0.0000000000,  -0.0000000000, 0.0000000000,  0.0041840821,
    0.0209204105,  0.1213383811,  0.7071098759,  0.1213208745,  0.0208153713,
    0.0035713531,  0.0006127473,  0.0001051308,  0.0000180376,  0.0000030948,
    0.0000005310,  0.0000000911,  0.0000000156,  0.0000000027,  0.0000000005,
    0.0000000001,  0.0000000000,  0.0000000000,  0.0000000000,  0.0000000000,
    0.0000000000,  0.0000000000,  0.0000000000,  -0.0000000000, -0.0000000000,
    0.0000000000,  0.0000000000,  0.0000000000,  -0.0000000000, 0.0000000000,
    0.0000000000,  -0.0000000000, 0.0000000000,  -0.0000000000, 0.0000000000,
    -0.0000000000, 0.0000000000,  -0.0000000000, -0.0000000000, 0.0000000000,
    -0.0000000000, 0.0000000000,  -0.0000000000, -0.0000000000, 0.0000000000,
    -0.0000000000, -0.0000000000, -0.0000000000, 0.0000000000,  -0.0000000000,
    -0.0000000000, -0.0000000000, -0.0000000000, -0.0000000000, -0.0000000000,
    0.0000000000,  0.0000000000,  0.0000000000,  -0.0000000000, -0.0000000000,
    0.0000000000,  0.0000000000,  -0.0000000000, -0.0000000000, 0.0000000000,
    0.0000000000,  -0.0000000000, -0.0000000000, -0.0000000000, -0.0000000000,
    0.0000000000,  -0.0000000000, -0.0000000000, 0.0000000000,  0.0000000000,
    -0.0000000000, 0.0000000000,  0.0000000000,  -0.0000000000, 0.0000000000,
    0.0000000000,  -0.0000000000, 0.0000000000,  0.0000000000,  -0.0000000000,
    0.0000000000,  -0.0000000000, -0.0000000000, 0.0000000000,  0.0000000000,
    -0.0000000000, 0.0000000000,  -0.0000000000, -0.0000000000, 0.0000000000,
    -0.0000000000, 0.0000000000,  -0.0000000000, -0.0000000000, -0.0000000000,
    -0.0000000000, 0.0000000000,  0.0000000000,  0.0000000000,  0.0000000000,
    0.0000000000,  0.0000000000,  0.0000000000,  -0.0000000000, -0.0000000000,
